header: 
  seq: 16335
  stamp: 
    secs: 2286
    nsecs: 710000000
  frame_id: base_laser
angle_min: -2.3561899662
angle_max: 2.3561899662
angle_increment: 0.0065540750511
time_increment: 0.0
scan_time: 0.0
range_min: 0.10000000149
range_max: 30.0
ranges: [19.460819244384766, 19.399890899658203, 19.339550018310547, 19.27836036682129, 19.2216854095459, 19.164323806762695, 19.107666015625, 19.052980422973633, 18.997753143310547, 18.943809509277344, 18.89308738708496, 18.842594146728516, 18.792713165283203, 18.959768295288086, 18.29405975341797, 18.222997665405273, 18.152400970458984, 18.081424713134766, 15.61832046508789, 15.49028205871582, 15.524453163146973, 17.815166473388672, 17.751996994018555, 17.689775466918945, 17.627099990844727, 17.56993293762207, 17.510408401489258, 17.45448875427246, 17.395654678344727, 17.340635299682617, 17.288423538208008, 17.23295021057129, 17.180341720581055, 17.129411697387695, 17.08084487915039, 17.03132438659668, 16.983978271484375, 16.93537139892578, 16.891159057617188, 16.84444236755371, 16.80028533935547, 16.7586727142334, 16.71527671813965, 16.674760818481445, 16.634618759155273, 16.59685516357422, 16.616411209106445, inf, inf, inf, 15.810586929321289, 15.795098304748535, 15.779272079467773, 15.765664100646973, 15.753020286560059, 15.740422248840332, 15.728384017944336, 15.716310501098633, 15.706927299499512, 15.694966316223145, 15.686882019042969, 15.677990913391113, 15.669660568237305, 15.664803504943848, 15.658031463623047, 15.650184631347656, 15.644706726074219, 15.642105102539062, 15.637661933898926, 15.635957717895508, 15.63187026977539, 15.630511283874512, 15.629956245422363, 15.628849029541016, 15.627671241760254, 8.801405906677246, 8.746832847595215, 8.711359977722168, 8.75450611114502, 12.193069458007812, 12.100739479064941, 12.059966087341309, 12.047348976135254, 12.05892276763916, 12.094986915588379, 12.169855117797852, 15.684514045715332, 15.695455551147461, 15.701797485351562, inf, inf, inf, 12.037433624267578, 11.97041130065918, 11.946920394897461, 11.942914009094238, 11.965411186218262, 12.017412185668945, 12.141551971435547, 15.487168312072754, 15.4738187789917, 15.465270042419434, 15.454113960266113, 15.44540786743164, 12.107783317565918, 11.996835708618164, 11.948938369750977, 11.93067741394043, 11.934412002563477, 11.961865425109863, 12.025733947753906, 15.400314331054688, 15.395520210266113, 15.393774032592773, 15.39306926727295, 15.391881942749023, 15.39171028137207, 11.834110260009766, 11.721846580505371, 10.782523155212402, 10.631051063537598, 10.57337474822998, 9.742351531982422, 9.620131492614746, 9.568838119506836, 9.539559364318848, 8.652937889099121, 8.592981338500977, 8.562017440795898, 8.54334545135498, 8.535294532775879, 8.544085502624512, 8.563068389892578, 8.594671249389648, 8.654947280883789, 15.5132474899292, inf, inf, inf, inf, inf, inf, 15.957938194274902, 15.629714012145996, 15.313821792602539, 15.010550498962402, 14.724710464477539, 14.446650505065918, 14.18016529083252, 13.924520492553711, 13.675308227539062, 13.436736106872559, 13.209453582763672, 12.988462448120117, 12.775896072387695, 12.570289611816406, 12.372087478637695, 12.216686248779297, 12.249711990356445, 12.286345481872559, 12.322237014770508, inf, inf, inf, inf, 10.851021766662598, 10.706866264343262, 10.567719459533691, 10.432525634765625, 10.299522399902344, 10.17227840423584, 10.046233177185059, 9.924832344055176, 9.806350708007812, 9.69208812713623, 9.580738067626953, 9.473146438598633, 9.368644714355469, 9.264863967895508, 9.163857460021973, 9.06572151184082, 8.969799995422363, 8.876276016235352, 8.786239624023438, 8.696602821350098, 8.612603187561035, 8.526877403259277, 8.442985534667969, 8.364795684814453, 8.285362243652344, 8.208391189575195, 8.133707046508789, 8.062768936157227, 7.988532543182373, 7.918264389038086, 5.6651153564453125, 5.589395523071289, 5.5212507247924805, 5.448686122894287, 5.382737636566162, 5.316873073577881, 5.2522783279418945, 5.189169883728027, 5.129551887512207, 5.070052146911621, 5.013396263122559, 4.958896636962891, 4.904078006744385, 4.849510669708252, 4.800059795379639, 4.749722480773926, 4.698783874511719, 4.653088092803955, 4.603994369506836, 4.561006546020508, 4.515354633331299, 4.470713138580322, 4.439366340637207, 4.45886754989624, 4.480356693267822, 4.501837253570557, 4.523909091949463, 4.544595718383789, 4.565825939178467, 4.590545654296875, 4.6120100021362305, 4.635225296020508, 4.6613593101501465, 4.684023380279541, 4.7113800048828125, 4.733560085296631, 4.760434627532959, 4.788844585418701, 4.814455986022949, 4.839951038360596, 4.869753360748291, 4.898727893829346, 4.9260382652282715, 4.954593658447266, 4.981545925140381, 5.015877723693848, 5.832348346710205, 5.803902626037598, 5.779552459716797, 5.7552924156188965, 5.725356578826904, 5.701365947723389, 5.678133964538574, 5.652108669281006, 5.630222320556641, 5.605831623077393, 5.583983898162842, 5.5598249435424805, 5.539481163024902, 5.516291618347168, 5.4949822425842285, 5.475196838378906, 5.4549665451049805, 5.435420989990234, 5.414665222167969, 5.395712852478027, 5.3755784034729, 5.357570648193359, 5.338442325592041, 5.3225483894348145, 5.304643154144287, 5.287237644195557, 5.271045684814453, 5.253963470458984, 5.236912250518799, 5.221103668212891, 5.20852518081665, 5.191006183624268, 5.176296234130859, 5.161717414855957, 5.147937774658203, 5.133906364440918, 5.121307373046875, 5.107494831085205, 5.093618869781494, 5.079611778259277, 5.066590309143066, 5.055326461791992, 5.0450615882873535, 5.032460689544678, 5.021360874176025, 5.008430480957031, 4.999653339385986, 4.988346576690674, 4.978109359741211, 4.966947555541992, 4.957267761230469, 4.949542999267578, 4.93836784362793, 4.929088592529297, 4.9214959144592285, 4.911583423614502, 4.903384208679199, 4.896266460418701, 4.886686325073242, 4.878356456756592, 4.873064994812012, 4.864615440368652, 4.857486724853516, 4.852643013000488, 4.844101428985596, 2.680077314376831, 2.6500630378723145, 2.6374669075012207, 2.630750894546509, 2.6294808387756348, 2.6318726539611816, 2.639756441116333, 2.653935670852661, inf, inf, inf, inf, inf, inf, inf, inf, inf, inf, inf, inf, inf, inf, inf, inf, inf, inf, inf, inf, inf, inf, inf, inf, inf, inf, inf, inf, 4.749258995056152, 4.752819538116455, 4.754323959350586, 4.756877899169922, 4.757724761962891, 4.760371685028076, 4.7613091468811035, 4.765954971313477, 4.769608020782471, 4.7706499099731445, 4.774197101593018, 4.7785797119140625, 4.781746864318848, 4.786478042602539, 4.790736198425293, 4.79485559463501, 4.798582553863525, 4.803718090057373, 4.809628963470459, 4.813333988189697, 4.817993640899658, 4.826089859008789, 4.8304877281188965, 4.837510585784912, 4.843970775604248, 4.850588798522949, 4.857367992401123, 4.864554405212402, 4.870128154754639, 4.876490116119385, 4.885241985321045, 4.8937482833862305, 4.902115345001221, 2.6209115982055664, 2.5988569259643555, 2.588869094848633, 2.5831048488616943, 2.581310272216797, 2.5852560997009277, 2.593459129333496, 2.609368324279785, 4.98654842376709, 4.996986389160156, 5.007689476013184, 5.019278526306152, 5.031087875366211, 5.0419602394104, 5.056646347045898, 5.066444396972656, 5.079898834228516, 5.091282844543457, 5.103236675262451, 5.116950511932373, 5.132758140563965, 5.144516944885254, 5.159848690032959, 5.175399303436279, 5.189539432525635, 5.203976631164551, 5.220352649688721, 5.235321998596191, 5.251357555389404, 5.267471790313721, 5.284703254699707, 5.302738666534424, 5.319606304168701, 5.337529182434082, 5.355744361877441, 5.373229503631592, 5.394964218139648, 5.413335800170898, 5.431501865386963, 5.4514617919921875, 5.470855712890625, 5.49179744720459, 5.514627933502197, 5.53814697265625, 5.556886196136475, 5.580321788787842, 5.603039741516113, 5.626603126525879, 5.65061092376709, 5.6735382080078125, 5.699012279510498, 5.722610950469971, 5.748892307281494, 5.7754292488098145, 5.8006157875061035, 5.826520919799805, 5.855133533477783, 5.883479118347168, 5.912237644195557, 5.942500591278076, 5.96997594833374, 5.999072551727295, 6.031613349914551, 6.061351299285889, 6.094147205352783, 6.127295970916748, 6.15970516204834, 6.1943678855896, 6.2283196449279785, 6.262228488922119, 6.297842979431152, 6.335700511932373, 6.3725266456604, inf, inf, inf, inf, inf, inf, inf, inf, inf, inf, inf, inf, inf, inf, 5.770935535430908, 5.72902774810791, 5.688167572021484, 5.648153781890869, 5.611433506011963, 5.572780609130859, 5.53630256652832, 5.495926380157471, 5.464221000671387, 5.426812171936035, 5.392995357513428, 5.359707355499268, 5.326611042022705, 5.294755935668945, 5.261454105377197, 5.232085227966309, 5.200810432434082, 5.168443202972412, 5.139800548553467, 5.111405372619629, 5.083844184875488, 5.055942058563232, 5.02811336517334, 5.000859260559082, 4.9743242263793945, 4.946404457092285, 4.9217529296875, 4.8988037109375, 4.872607707977295, 4.848433494567871, 4.827940464019775, 4.801761627197266, 4.779698371887207, 4.75817346572876, 4.735830783843994, 4.715368747711182, 4.692038536071777, 4.673200607299805, 4.653254508972168, 4.6331467628479, 4.613484859466553, 4.593320846557617, 4.572628498077393, 4.555060386657715, 4.537178993225098, 4.521280765533447, 4.502777576446533, 4.485489368438721, 4.468386650085449, 4.451939105987549, 4.4354939460754395, 4.419259548187256, 4.4055328369140625, 4.38836145401001, 4.374789237976074, 4.357544422149658, 4.343113422393799, 4.329228401184082, 4.315478324890137, 4.302161693572998, 4.287672519683838, 4.2747673988342285, 4.262573719024658, 4.252007484436035, 4.238144397735596, 4.227324485778809, 4.215137958526611, 4.203711032867432, 4.191492080688477, 4.18154239654541, 4.1684722900390625, 4.160342216491699, 4.148514270782471, 4.139962196350098, 4.130350589752197, 4.119034767150879, 4.110496997833252, 4.101712703704834, 4.091587543487549, 4.084527969360352, 4.0744500160217285, 4.065346717834473, 4.057033061981201, 4.050671100616455, 4.039775848388672, 4.0360846519470215, 4.024134159088135, 4.019999027252197, 4.013984680175781, 4.003862380981445, 4.000728130340576, 3.9930965900421143, 3.9873290061950684, 3.9810190200805664, 3.9748315811157227, 3.969867706298828, 3.9635398387908936, 3.9580113887786865, 3.9533851146698, 3.947721004486084, 3.944347381591797, 3.9371132850646973, 3.9364075660705566, 3.930335283279419, 3.9266343116760254, 3.920823574066162, 3.918989896774292, 3.9151105880737305, 3.91129994392395, 3.909440517425537, 3.9053494930267334, 3.9012300968170166, 3.9007458686828613, 3.8981733322143555, 3.8963241577148438, 3.8952322006225586, 3.8909804821014404, 3.888962507247925, 4.078433990478516, inf, inf, inf, inf, inf, inf, inf, inf, inf, inf, inf, inf, inf, inf, inf, inf, inf, inf, inf, inf, inf, inf, inf, inf, inf, 4.0946574211120605, 3.9818034172058105, 3.8788623809814453, 3.8064088821411133, 3.8149125576019287, 3.8200795650482178, 3.8267581462860107, 3.8359217643737793, 3.838954448699951, 3.846796989440918, 3.8551642894744873, 3.8615972995758057, 3.8712358474731445, 3.8798394203186035, 3.886937141418457, 3.8955249786376953, 3.9034576416015625, 3.915678024291992, 3.9244325160980225, 3.93339467048645, 3.942434787750244, 3.9526162147521973, 3.9636800289154053, 3.9727895259857178, 3.9860241413116455, 3.9933619499206543, 4.005164623260498, 4.015066623687744, 4.029787063598633, 4.038745403289795, 4.0525946617126465, 4.0644097328186035, 4.076988697052002, 4.08974027633667, 4.100852966308594, 4.114315032958984, 4.12869119644165, 4.14480447769165, 4.1569132804870605, 4.171403884887695, 4.186139106750488, 4.199940204620361, 4.214352607727051, 4.2307562828063965, 4.245699882507324, 4.2628326416015625, 4.27901554107666, 4.296337127685547, 4.312414646148682, 4.331249713897705, 4.347701549530029, 4.363978862762451, 4.3832879066467285, 4.4050679206848145, 4.421675205230713, 4.441186428070068, 4.460230827331543, 4.481534481048584, 4.500862121582031, 4.522445201873779, 4.54448127746582, 4.5668816566467285, 4.587630748748779, 4.611431121826172, 4.634710311889648, 4.655697822570801, 4.679103851318359, 4.70467472076416, 4.72861909866333, 4.753534317016602, 4.778214931488037, 4.805740833282471, 4.833211898803711, 4.859796524047852, 4.886920928955078, 4.915435791015625, 4.944187641143799, 4.9734416007995605, 5.001547813415527, 5.032464504241943, 5.063281059265137, 5.0956950187683105, 5.127037048339844, 5.157859802246094, 5.193299770355225, 5.226728916168213, 5.261938571929932, 5.297799587249756, 5.332797050476074, 5.3725690841674805, 5.409994125366211, 5.446113586425781, 5.485622882843018, 5.526075839996338, 5.571196556091309, 5.607263088226318, 5.651656150817871, 5.695042133331299, 5.73983907699585, 5.784830570220947, 5.831414222717285, 5.878832817077637, 5.926831245422363, 5.976033687591553, 6.025766849517822, 6.0780768394470215, 6.130462646484375, 6.185492038726807, inf, inf, inf, inf, inf, inf]

// in front of husky
ranges: [inf, inf, inf, inf, inf, inf, inf, inf, inf, inf, inf, inf, inf, inf, inf, inf, inf, inf, inf, inf, inf, inf, inf, inf, inf, inf, inf, inf, inf, inf, inf, inf, inf, inf, inf, inf, inf, inf, inf, inf, inf, inf, inf, inf, inf, inf, inf, inf, inf, inf, inf, inf, inf, inf, inf, inf, inf, inf, inf, inf, inf, inf, inf, inf, inf, inf, inf, inf, inf, inf, inf, inf, inf, inf, inf, inf, inf, inf, inf, inf, inf, inf, inf, inf, inf, inf, inf, inf, inf, inf, inf, inf, inf, inf, inf, inf, inf, inf, inf, inf, inf, inf, inf, inf, inf, inf, inf, inf, inf, inf, inf, inf, inf, inf, inf, inf, inf, inf, inf, inf, inf, inf, inf, inf, inf, inf, inf, inf, inf, inf, inf, inf, inf, inf, inf, inf, inf, inf, inf, inf, inf, inf, inf, inf, inf, inf, inf, inf, inf, inf, inf, inf, inf, inf, inf, inf, inf, inf, inf, inf, inf, inf, inf, inf, inf, inf, inf, inf, inf, inf, inf, inf, inf, inf, inf, inf, inf, inf, inf, inf, inf, inf, inf, inf, inf, inf, inf, inf, inf, inf, inf, inf, inf, inf, inf, inf, inf, inf, inf, inf, inf, inf, inf, inf, inf, inf, inf, inf, inf, inf, inf, inf, inf, inf, inf, inf, inf, inf, inf, inf, inf, inf, inf, inf, inf, inf, inf, inf, inf, inf, inf, inf, inf, inf, inf, inf, inf, inf, inf, inf, inf, inf, inf, inf, inf, inf, inf, inf, inf, inf, inf, inf, inf, inf, inf, inf, inf, inf, inf, inf, inf, inf, inf, inf, inf, inf, inf, inf, inf, inf, inf, inf, inf, inf, inf, inf, inf, inf, inf, inf, inf, inf, inf, inf, inf, inf, inf, inf, inf, inf, inf, inf, inf, inf, inf, inf, inf, inf, inf, inf, inf, inf, inf, inf, inf, inf, inf, inf, inf, inf, inf, inf, inf, inf, inf, inf, inf, inf, inf, inf, inf, inf, inf, inf, inf, inf, inf, inf, inf, inf, inf, inf, inf, inf, inf, inf, inf, inf, inf, inf, inf, inf, inf, inf, inf, inf, inf, inf, inf, inf, inf, inf, 1.6084479093551636, 1.5895260572433472, 1.579504132270813, 1.5734442472457886, 1.568433403968811, 1.5650155544281006, 1.5660929679870605, 1.5653307437896729, 1.5677510499954224, 1.5709294080734253, 1.5776273012161255, 1.5860613584518433, 1.6013660430908203, inf, inf, inf, inf, inf, inf, inf, inf, inf, inf, inf, inf, inf, inf, inf, inf, inf, inf, inf, inf, inf, inf, inf, inf, inf, inf, inf, inf, inf, inf, inf, inf, inf, inf, inf, inf, inf, inf, inf, inf, inf, inf, inf, inf, inf, inf, inf, inf, inf, inf, inf, inf, inf, inf, inf, inf, inf, inf, inf, inf, inf, inf, inf, inf, inf, inf, inf, inf, inf, inf, inf, inf, inf, inf, inf, inf, inf, inf, inf, inf, inf, inf, inf, inf, inf, inf, inf, inf, inf, inf, inf, inf, inf, inf, inf, inf, inf, inf, inf, inf, inf, inf, inf, inf, inf, inf, inf, inf, inf, inf, inf, inf, inf, inf, inf, inf, inf, inf, inf, inf, inf, inf, inf, inf, inf, inf, inf, inf, inf, inf, inf, inf, inf, inf, inf, inf, inf, inf, inf, inf, inf, inf, inf, inf, inf, inf, inf, inf, inf, inf, inf, inf, inf, inf, inf, inf, inf, inf, inf, inf, inf, inf, inf, inf, inf, inf, inf, inf, inf, inf, inf, inf, inf, inf, inf, inf, inf, inf, inf, inf, inf, inf, inf, inf, inf, inf, inf, inf, inf, inf, inf, inf, inf, inf, inf, inf, inf, inf, inf, inf, inf, inf, inf, inf, inf, inf, inf, inf, inf, inf, inf, inf, inf, inf, inf, inf, inf, inf, inf, inf, inf, inf, inf, inf, inf, inf, inf, inf, inf, inf, inf, inf, inf, inf, inf, inf, inf, inf, inf, inf, inf, inf, inf, inf, inf, inf, inf, inf, inf, inf, inf, inf, inf, inf, inf, inf, inf, inf, inf, inf, inf, inf, inf, inf, inf, inf, inf, inf, inf, inf, inf, inf, inf, inf, inf, inf, inf, inf, inf, inf, inf, inf, inf, inf, inf, inf, inf, inf, inf, inf, inf, inf, inf, inf, inf, inf, inf, inf, inf, inf, inf, inf, inf, inf, inf, inf, inf, inf, inf, inf, inf, inf, inf, inf, inf, inf, inf, inf, inf, inf, inf, inf, inf, inf, inf, inf, inf, inf, inf, inf, inf, inf, inf, inf, inf, inf, inf, inf, inf, inf, inf, inf, inf, inf, inf, inf, inf, inf, inf, inf, inf, inf, inf, inf, inf]



