---
header: 
  seq: 160515
  stamp: 
    secs: 5170
    nsecs: 320000000
  frame_id: base_laser
angle_min: -2.3561899662
angle_max: 2.3561899662
angle_increment: 0.0065540750511
time_increment: 0.0
scan_time: 0.0
range_min: 0.10000000149
range_max: 30.0
ranges: [20.140356063842773, 20.07269287109375, 20.002901077270508, 19.935306549072266, 19.86940574645996, 19.807405471801758, 19.743206024169922, 19.945966720581055, 19.190343856811523, 19.103147506713867, 16.39647102355957, 16.412569046020508, 18.847537994384766, 18.767776489257812, 18.68508529663086, 18.60619354248047, 18.53188133239746, 18.45363426208496, 18.377824783325195, 18.30601692199707, 18.235876083374023, 18.166744232177734, 18.094011306762695, 18.026884078979492, 17.962446212768555, 17.893701553344727, 17.829191207885742, 17.769041061401367, 17.705488204956055, 17.645479202270508, 17.58774757385254, 17.527860641479492, 17.469266891479492, 17.41383934020996, 17.358993530273438, 17.30606460571289, 17.252723693847656, 17.318510055541992, inf, inf, 16.430273056030273, 16.40378761291504, 16.37881088256836, 16.35317611694336, 16.328672409057617, 16.30527687072754, 16.28240966796875, 16.260889053344727, 16.23906898498535, 16.21930694580078, 16.1998291015625, 16.18006706237793, 9.24094009399414, 9.17457103729248, 9.115499496459961, 9.149195671081543, 9.203629493713379, 16.080158233642578, 16.068798065185547, 16.05380630493164, 16.04154396057129, 16.031169891357422, 16.01810646057129, 16.00767707824707, 12.47627067565918, 12.401294708251953, 12.36949634552002, 12.364860534667969, 12.384607315063477, 12.435348510742188, 12.560018539428711, 15.949580192565918, 15.946650505065918, 15.941926956176758, 15.939237594604492, 15.937283515930176, 12.235574722290039, 12.167176246643066, 12.134623527526855, 12.129484176635742, 12.145315170288086, 12.190258026123047, 12.303037643432617, inf, 15.677886962890625, 15.6549072265625, 15.629609107971191, 15.607559204101562, 12.139838218688965, 12.037689208984375, 11.99475383758545, 11.978849411010742, 11.984691619873047, 12.018476486206055, 12.087509155273438, 15.449777603149414, 15.432327270507812, 15.416597366333008, 15.399967193603516, 15.385008811950684, 15.374226570129395, 8.570855140686035, 8.481125831604004, 8.431819915771484, 8.40395450592041, 8.387655258178711, 8.383431434631348, 8.395017623901367, 8.415515899658203, 8.451444625854492, 8.517645835876465, 15.264981269836426, 15.262166976928711, 15.256378173828125, 15.250802993774414, 15.248010635375977, 15.242960929870605, 15.240730285644531, 15.240728378295898, 15.239241600036621, 15.236856460571289, 15.236225128173828, 15.238359451293945, 15.238424301147461, inf, inf, inf, inf, inf, inf, inf, 15.537718772888184, 15.05375862121582, 14.60013198852539, 14.171538352966309, 13.770893096923828, 13.390188217163086, 13.03176212310791, 12.692475318908691, 12.372190475463867, 12.06588077545166, 11.776129722595215, 11.743864059448242, 11.767136573791504, 11.789480209350586, inf, inf, 10.30092716217041, 10.08935546875, 9.887787818908691, 9.698153495788574, 9.512370109558105, 9.334603309631348, 9.165359497070312, 9.00106430053711, 8.842811584472656, 8.690648078918457, 4.897911071777344, 4.728812217712402, 4.5718183517456055, 4.423757076263428, 4.287219524383545, 4.1586384773254395, 4.040785312652588, 3.9259142875671387, 3.8178374767303467, 3.7144875526428223, 3.619321823120117, 3.52775502204895, 3.521491289138794, 3.530310869216919, 3.5357048511505127, 3.5395262241363525, 3.549165725708008, 3.554107427597046, 3.561832904815674, 3.568336248397827, 3.5761280059814453, 3.585700273513794, 3.592822551727295, 3.6010541915893555, 3.6080775260925293, 3.617297649383545, 3.6256613731384277, 3.6342804431915283, 3.643427848815918, 3.652787923812866, 3.6628801822662354, 3.67041015625, 3.6818392276763916, 3.690106153488159, 3.6998531818389893, 3.7144196033477783, 3.724050998687744, 3.735618829727173, 3.745957612991333, 3.757598638534546, 3.7686946392059326, 3.782381296157837, 3.7913644313812256, 3.805122137069702, 3.8186593055725098, 3.8299999237060547, 3.845273017883301, 3.8579113483428955, 3.871811628341675, 4.8556227684021, 4.817094326019287, 4.7816243171691895, 4.74390983581543, 4.707535266876221, 4.672494411468506, 4.639364242553711, 4.605542182922363, 4.572129726409912, 4.540543079376221, 4.5103349685668945, 4.4793314933776855, 4.447748184204102, 4.417139530181885, 4.388683795928955, 4.360012531280518, 4.332115650177002, 4.30462646484375, 4.278144836425781, 4.250518321990967, 4.227032661437988, 4.199502468109131, 4.172883033752441, 4.150990962982178, 4.12644100189209, 4.103804588317871, 4.079760551452637, 4.057083606719971, 4.036593914031982, 4.013387203216553, 3.991056442260742, 3.970127820968628, 3.9479715824127197, 3.9293875694274902, 3.9117581844329834, 3.889478921890259, 3.8713855743408203, 3.853322982788086, 3.833003044128418, 3.815788507461548, 3.797722339630127, 3.77986741065979, 3.7621190547943115, 3.745591402053833, 3.7321889400482178, 3.715430498123169, 3.6982381343841553, 3.6807496547698975, 3.6670868396759033, 3.6523995399475098, 3.6380608081817627, 3.6241583824157715, 3.608306407928467, 1.1214083433151245, 1.101230502128601, 1.0902611017227173, 1.081770658493042, 1.0780668258666992, 1.0730317831039429, 1.0682402849197388, 1.0672205686569214, 1.066642165184021, 1.064252257347107, 1.065273404121399, 1.066816806793213, 1.068037509918213, 1.0692999362945557, 1.0715242624282837, 1.0758204460144043, 1.0825848579406738, 1.0904244184494019, 1.10411536693573, 1.1254549026489258, 3.366119146347046, 3.357449531555176, 3.345701217651367, 3.337843418121338, 3.3297836780548096, 3.320763111114502, 3.311983108520508, 3.303816556930542, 3.296902656555176, 3.2869372367858887, 3.2798569202423096, 3.2734885215759277, 3.2666189670562744, 3.2601771354675293, 3.2513959407806396, 3.2478487491607666, 3.2405037879943848, 3.2316904067993164, 3.2247180938720703, 3.221436023712158, 3.2148282527923584, 3.209339141845703, 3.204097270965576, 3.2605042457580566, 3.345958709716797, 3.4387693405151367, inf, inf, inf, inf, inf, inf, inf, inf, inf, inf, inf, inf, inf, inf, inf, inf, inf, inf, inf, inf, inf, inf, inf, inf, inf, inf, inf, inf, inf, inf, inf, inf, inf, inf, inf, inf, inf, inf, inf, inf, inf, 3.3257029056549072, 3.1017792224884033, 3.1031293869018555, 3.1047189235687256, 3.1069438457489014, 3.10770845413208, 3.1074624061584473, 3.110696792602539, 3.114423990249634, 3.1150317192077637, 3.1151163578033447, 3.1172711849212646, 3.120697021484375, 3.122083902359009, 3.1274585723876953, 3.128403902053833, 3.1323201656341553, 3.1341495513916016, 3.136768341064453, 3.1408607959747314, 3.1438660621643066, 3.146679639816284, 3.1523382663726807, 3.1544806957244873, 3.159090042114258, 3.164417266845703, 3.1689047813415527, 3.1731438636779785, 3.178032398223877, 3.182997226715088, 3.186354398727417, 3.192755699157715, 3.1976478099823, 3.204920530319214, 3.209249496459961, 3.215550184249878, 3.2189629077911377, 3.226715564727783, 3.2314095497131348, 3.238060235977173, 3.245116949081421, 3.2519774436950684, 3.26043963432312, 3.267441749572754, 3.2737536430358887, 3.2813570499420166, 3.2870473861694336, 3.2964425086975098, 3.30316424369812, 3.3120663166046143, 3.320901393890381, 3.329429864883423, 3.3371479511260986, 3.3461520671844482, 3.355098247528076, 3.363184928894043, 3.375243902206421, 3.3832178115844727, 3.3933050632476807, 3.402045726776123, 3.414447546005249, 3.424455404281616, 3.4350900650024414, 3.446101427078247, 3.456481695175171, 3.4692304134368896, 3.480078935623169, 3.4905648231506348, 3.5024666786193848, 3.516055107116699, 3.5281903743743896, 3.540318012237549, 3.5541210174560547, 3.5676355361938477, 3.579742193222046, 3.5936102867126465, 3.60929536819458, 3.6216657161712646, 3.636005401611328, 3.6506857872009277, 3.666579484939575, 3.6809873580932617, 3.6984474658966064, 3.712785243988037, 1.094600796699524, 1.0838251113891602, 1.0744670629501343, 1.0681970119476318, 1.0653239488601685, 1.0617623329162598, 1.0572917461395264, 1.058219313621521, 1.0558594465255737, 1.0562713146209717, 1.057093858718872, 1.0603455305099487, 1.0594125986099243, 1.062753438949585, 1.0658791065216064, 1.0727580785751343, 1.0791581869125366, 1.0871732234954834, 1.1061872243881226, 4.102205753326416, 4.126468658447266, 4.149271488189697, 4.174223899841309, 4.198328971862793, 4.225350379943848, 4.250792503356934, 4.27615213394165, 4.303194999694824, 4.329876899719238, 4.358442783355713, 4.389845848083496, 4.4145636558532715, 4.445213317871094, 4.476284027099609, 4.5069403648376465, 4.538022518157959, 4.571913242340088, 4.6043314933776855, 4.636059284210205, 4.672327518463135, 4.7061262130737305, 4.743444442749023, 4.776809215545654, 4.815516471862793, 4.853777885437012, 4.891932487487793, 4.932410717010498, 4.972597599029541, 5.012355804443359, 5.056046485900879, 5.100123882293701, 5.142154216766357, 5.188881874084473, inf, inf, inf, inf, inf, inf, inf, inf, inf, inf, inf, inf, inf, inf, inf, inf, inf, inf, inf, inf, inf, 4.767980098724365, 4.745936393737793, 4.728623867034912, 4.706576824188232, 4.686855792999268, 4.668272972106934, 4.649788856506348, 4.631317138671875, 4.613195896148682, 4.59523344039917, 4.578831195831299, 4.561234474182129, 4.542853832244873, 4.5268473625183105, 4.512215614318848, 4.49564790725708, 4.479969024658203, 4.464792251586914, 4.450057506561279, 4.435573577880859, 4.422754764556885, 4.406445503234863, 4.392079830169678, 4.3807268142700195, 4.3685526847839355, 4.355414390563965, 4.341233730316162, 4.329527854919434, 4.316311836242676, 4.303932189941406, 4.292153358459473, 4.281359672546387, 4.269242763519287, 4.2608537673950195, 4.248044967651367, 4.237548828125, 4.227952003479004, 4.218393802642822, 4.208233833312988, 4.198375225067139, 4.188839912414551, 4.178621768951416, 4.172846794128418, 4.161105632781982, 4.153660297393799, 4.142904281616211, 4.137495040893555, 4.128236293792725, 4.121748924255371, 4.113575458526611, 4.10461950302124, 4.097866058349609, 4.0921783447265625, 4.086020469665527, 4.081204414367676, 4.0750298500061035, 4.066586494445801, 4.061600685119629, 4.057282447814941, 4.052096843719482, 4.042967796325684, 4.039923667907715, 4.0371270179748535, 4.031011581420898, 4.026752948760986, 4.022716045379639, 4.018134593963623, 4.013581275939941, 4.009298324584961, 4.005324840545654, 4.002821445465088, 4.001040935516357, 3.996101140975952, 3.993825674057007, 3.991973638534546, 3.9873321056365967, 3.985638380050659, 3.9837708473205566, 3.981045961380005, 3.9789326190948486, 3.976895570755005, 3.9760000705718994, 3.973832130432129, 3.9736979007720947, 3.971975803375244, 3.9719417095184326, 3.9710099697113037, 3.971202850341797, 3.968388080596924, 3.9699928760528564, 3.9687771797180176, 3.969533920288086, 3.9698121547698975, 3.970181703567505, 3.972364902496338, 3.9728569984436035, 3.9738597869873047, 3.9750418663024902, 3.9756643772125244, 3.97769832611084, 3.979379892349243, 3.9801690578460693, 3.9829540252685547, 3.9839887619018555, 3.9869449138641357, 3.9893410205841064, 3.9931232929229736, 3.9952211380004883, 3.9978952407836914, 4.002248287200928, 4.00723123550415, 4.0086212158203125, 4.014952182769775, 4.017242908477783, 4.019891262054443, 4.025044918060303, 4.028851509094238, 4.0336809158325195, 4.040708541870117, 4.043910980224609, 4.050937652587891, 4.05539608001709, 4.062136650085449, 4.066451072692871, 4.072551250457764, 4.0800957679748535, 4.087464332580566, 4.093295574188232, 4.100127220153809, 4.1057963371276855, 4.110224723815918, 4.119720935821533, 4.128692150115967, 4.1367692947387695, 4.143795490264893, 4.152990818023682, 4.1617536544799805, 4.169834136962891, 4.178065299987793, 4.186517715454102, 4.196246147155762, 4.206988334655762, inf, inf, inf, inf, inf, inf, inf, inf, inf, inf, inf, inf, inf, inf, inf, inf, inf, inf, inf, 4.653278350830078, 4.608577728271484, 4.564975261688232, 4.519114971160889, 4.477733135223389, 4.437840461730957, 4.420598983764648, 4.441801071166992, 4.46215295791626, 4.4863386154174805, 4.506832599639893, 4.530777454376221, 4.554049015045166, 4.576059818267822, 4.600835800170898, 4.62619161605835, 4.651769638061523, 4.6781907081604, 4.703578948974609, 4.728472709655762, 4.755663871765137, 4.7839531898498535, 4.810502529144287, 4.842757225036621, 4.868170738220215, 4.900794982910156, 4.928709983825684, 4.962122917175293, 4.993768215179443, 5.025622367858887, 5.0585832595825195, 5.08975887298584, 5.124442100524902, 5.16096305847168, 5.196627616882324, 5.231212139129639, 5.269375324249268, 5.307476997375488, 5.3440141677856445, 5.383893013000488, 5.423916816711426, 5.465019226074219, 5.507378578186035, 5.549088478088379, 5.59366512298584, 5.636185169219971, 5.682958602905273, 5.73016881942749, 5.776951789855957, 5.82556676864624, 5.87432861328125, 5.927984237670898, 5.9787983894348145, 6.0301337242126465, 6.083921432495117]

intensities: [1.1210387714598537e-42, 1.1210387714598537e-42, 1.1210387714598537e-42, 1.1210387714598537e-42, 1.1210387714598537e-42, 1.1210387714598537e-42, 1.1210387714598537e-42, 1.1210387714598537e-42, 689047142400.0, 689047142400.0, 0.0, 0.0, 689047142400.0, 689047142400.0, 689047142400.0, 689047142400.0, 689047142400.0, 689047142400.0, 689047142400.0, 689047142400.0, 689047142400.0, 689047142400.0, 689047142400.0, 689047142400.0, 689047142400.0, 689047142400.0, 689047142400.0, 689047142400.0, 689047142400.0, 689047142400.0, 689047142400.0, 689047142400.0, 689047142400.0, 689047142400.0, 689047142400.0, 689047142400.0, 689047142400.0, 689047142400.0, 0.0, 0.0, 0.0008714114665053785, 0.0008714114665053785, 0.0008714114665053785, 0.0008714114665053785, 0.0008714114665053785, 0.0008714114665053785, 0.0008714114665053785, 0.0008714114665053785, 0.0008714114665053785, 0.0008714114665053785, 0.0008714114665053785, 0.0008714114665053785, 0.0, 0.0, 0.0, 0.0, 0.0, 0.0008714114665053785, 0.0008714114665053785, 0.0008714114665053785, 0.0008714114665053785, 0.0008714114665053785, 0.0008714114665053785, 0.0008714114665053785, 1.9444672367691517e+31, 1.9444672367691517e+31, 1.9444672367691517e+31, 1.9444672367691517e+31, 1.9444672367691517e+31, 1.9444672367691517e+31, 1.9444672367691517e+31, 0.0008714114665053785, 0.0008714114665053785, 0.0008714114665053785, 0.0008714114665053785, 0.0008714114665053785, 0.0, 0.0, 0.0, 0.0, 0.0, 0.0, 0.0, 0.0, 0.0, 0.0, 0.0, 0.0, 7.029448877166768e+28, 7.029448877166768e+28, 7.029448877166768e+28, 7.029448877166768e+28, 7.029448877166768e+28, 7.029448877166768e+28, 7.029448877166768e+28, 0.0, 0.0, 0.0, 0.0, 0.0, 0.0, 1.504943173029542e-34, 1.504943173029542e-34, 1.504943173029542e-34, 1.504943173029542e-34, 1.504943173029542e-34, 1.504943173029542e-34, 1.504943173029542e-34, 1.504943173029542e-34, 1.504943173029542e-34, 1.504943173029542e-34, 0.0, 0.0, 0.0, 0.0, 0.0, 0.0, 0.0, 0.0, 0.0, 0.0, 0.0, 0.0, 0.0, 0.0, 0.0, 0.0, 0.0, 0.0, 0.0, 0.0, 8.407790785948902e-45, 8.407790785948902e-45, 8.407790785948902e-45, 8.407790785948902e-45, 8.407790785948902e-45, 8.407790785948902e-45, 8.407790785948902e-45, 8.407790785948902e-45, 8.407790785948902e-45, 8.407790785948902e-45, 8.407790785948902e-45, 8.407790785948902e-45, 8.407790785948902e-45, 8.407790785948902e-45, 0.0, 0.0, 1.7408588470848455e+28, 1.7408588470848455e+28, 1.7408588470848455e+28, 1.7408588470848455e+28, 1.7408588470848455e+28, 1.7408588470848455e+28, 1.7408588470848455e+28, 1.7408588470848455e+28, 1.7408588470848455e+28, 1.7408588470848455e+28, 1.2930066465561504e+22, 1.2930066465561504e+22, 1.2930066465561504e+22, 1.2930066465561504e+22, 1.2930066465561504e+22, 1.2930066465561504e+22, 1.2930066465561504e+22, 1.2930066465561504e+22, 1.2930066465561504e+22, 1.2930066465561504e+22, 1.2930066465561504e+22, 1.2930066465561504e+22, 1.2930066465561504e+22, 1.2930066465561504e+22, 1.2930066465561504e+22, 1.2930066465561504e+22, 1.2930066465561504e+22, 1.2930066465561504e+22, 1.2930066465561504e+22, 1.2930066465561504e+22, 1.2930066465561504e+22, 1.2930066465561504e+22, 1.2930066465561504e+22, 1.2930066465561504e+22, 1.2930066465561504e+22, 1.2930066465561504e+22, 1.2930066465561504e+22, 1.2930066465561504e+22, 1.2930066465561504e+22, 1.2930066465561504e+22, 1.2930066465561504e+22, 1.2930066465561504e+22, 1.2930066465561504e+22, 1.2930066465561504e+22, 1.2930066465561504e+22, 1.2930066465561504e+22, 1.2930066465561504e+22, 1.2930066465561504e+22, 1.2930066465561504e+22, 1.2930066465561504e+22, 1.2930066465561504e+22, 1.2930066465561504e+22, 1.2930066465561504e+22, 1.2930066465561504e+22, 1.2930066465561504e+22, 1.2930066465561504e+22, 1.2930066465561504e+22, 1.2930066465561504e+22, 1.2930066465561504e+22, 9.311413896773368e-39, 9.311413896773368e-39, 9.311413896773368e-39, 9.311413896773368e-39, 9.311413896773368e-39, 9.311413896773368e-39, 9.311413896773368e-39, 9.311413896773368e-39, 9.311413896773368e-39, 9.311413896773368e-39, 9.311413896773368e-39, 9.311413896773368e-39, 9.311413896773368e-39, 9.311413896773368e-39, 9.311413896773368e-39, 9.311413896773368e-39, 9.311413896773368e-39, 9.311413896773368e-39, 9.311413896773368e-39, 9.311413896773368e-39, 9.311413896773368e-39, 9.311413896773368e-39, 9.311413896773368e-39, 9.311413896773368e-39, 9.311413896773368e-39, 9.311413896773368e-39, 9.311413896773368e-39, 9.311413896773368e-39, 9.311413896773368e-39, 9.311413896773368e-39, 9.311413896773368e-39, 9.311413896773368e-39, 9.311413896773368e-39, 9.311413896773368e-39, 9.311413896773368e-39, 9.311413896773368e-39, 9.311413896773368e-39, 9.311413896773368e-39, 9.311413896773368e-39, 9.311413896773368e-39, 9.311413896773368e-39, 9.311413896773368e-39, 9.311413896773368e-39, 9.311413896773368e-39, 9.311413896773368e-39, 9.311413896773368e-39, 9.311413896773368e-39, 9.311413896773368e-39, 9.311413896773368e-39, 9.311413896773368e-39, 9.311413896773368e-39, 9.311413896773368e-39, 9.311413896773368e-39, 9.656465686814313e-35, 9.656465686814313e-35, 9.656465686814313e-35, 9.656465686814313e-35, 9.656465686814313e-35, 9.656465686814313e-35, 9.656465686814313e-35, 9.656465686814313e-35, 9.656465686814313e-35, 9.656465686814313e-35, 9.656465686814313e-35, 9.656465686814313e-35, 9.656465686814313e-35, 9.656465686814313e-35, 9.656465686814313e-35, 9.656465686814313e-35, 9.656465686814313e-35, 9.656465686814313e-35, 9.656465686814313e-35, 9.656465686814313e-35, 9.311413896773368e-39, 9.311413896773368e-39, 9.311413896773368e-39, 9.311413896773368e-39, 9.311413896773368e-39, 9.311413896773368e-39, 9.311413896773368e-39, 9.311413896773368e-39, 9.311413896773368e-39, 9.311413896773368e-39, 9.311413896773368e-39, 9.311413896773368e-39, 9.311413896773368e-39, 9.311413896773368e-39, 9.311413896773368e-39, 9.311413896773368e-39, 9.311413896773368e-39, 9.311413896773368e-39, 9.311413896773368e-39, 9.311413896773368e-39, 9.311413896773368e-39, 9.311413896773368e-39, 9.311413896773368e-39, 9.311413896773368e-39, 9.311413896773368e-39, 9.311413896773368e-39, 0.0, 0.0, 0.0, 0.0, 0.0, 0.0, 0.0, 0.0, 0.0, 0.0, 0.0, 0.0, 0.0, 0.0, 0.0, 0.0, 0.0, 0.0, 0.0, 0.0, 0.0, 0.0, 0.0, 0.0, 0.0, 0.0, 0.0, 0.0, 0.0, 0.0, 0.0, 0.0, 0.0, 0.0, 0.0, 0.0, 0.0, 0.0, 0.0, 0.0, 0.0, 0.0, 0.0, 0.0, 0.0, 0.0, 0.0, 0.0, 0.0, 0.0, 0.0, 0.0, 0.0, 0.0, 0.0, 0.0, 0.0, 0.0, 0.0, 0.0, 0.0, 0.0, 0.0, 0.0, 0.0, 0.0, 0.0, 0.0, 0.0, 0.0, 0.0, 0.0, 0.0, 0.0, 0.0, 0.0, 0.0, 0.0, 0.0, 0.0, 0.0, 0.0, 0.0, 0.0, 0.0, 0.0, 0.0, 0.0, 0.0, 0.0, 0.0, 0.0, 0.0, 0.0, 0.0, 0.0, 0.0, 0.0, 0.0, 0.0, 0.0, 0.0, 0.0, 0.0, 0.0, 0.0, 0.0, 0.0, 0.0, 0.0, 0.0, 0.0, 0.0, 0.0, 0.0, 0.0, 0.0, 0.0, 0.0, 0.0, 0.0, 0.0, 0.0, 0.0, 0.0, 8.407790785948902e-45, 8.407790785948902e-45, 8.407790785948902e-45, 8.407790785948902e-45, 8.407790785948902e-45, 8.407790785948902e-45, 8.407790785948902e-45, 8.407790785948902e-45, 8.407790785948902e-45, 8.407790785948902e-45, 8.407790785948902e-45, 8.407790785948902e-45, 8.407790785948902e-45, 8.407790785948902e-45, 8.407790785948902e-45, 8.407790785948902e-45, 8.407790785948902e-45, 8.407790785948902e-45, 8.407790785948902e-45, 0.0, 0.0, 0.0, 0.0, 0.0, 0.0, 0.0, 0.0, 0.0, 0.0, 0.0, 0.0, 0.0, 0.0, 0.0, 0.0, 0.0, 0.0, 0.0, 0.0, 0.0, 0.0, 0.0, 0.0, 0.0, 0.0, 0.0, 0.0, 0.0, 0.0, 0.0, 0.0, 0.0, 0.0, 0.0, 0.0, 0.0, 0.0, 0.0, 0.0, 0.0, 0.0, 0.0, 0.0, 0.0, 0.0, 0.0, 0.0, 0.0, 0.0, 0.0, 0.0, 0.0, 0.0, 0.0, 2.165803858571613e-37, 2.165803858571613e-37, 2.165803858571613e-37, 2.165803858571613e-37, 2.165803858571613e-37, 2.165803858571613e-37, 2.165803858571613e-37, 2.165803858571613e-37, 2.165803858571613e-37, 2.165803858571613e-37, 2.165803858571613e-37, 2.165803858571613e-37, 2.165803858571613e-37, 2.165803858571613e-37, 2.165803858571613e-37, 2.165803858571613e-37, 2.165803858571613e-37, 2.165803858571613e-37, 2.165803858571613e-37, 2.165803858571613e-37, 2.165803858571613e-37, 2.165803858571613e-37, 2.165803858571613e-37, 2.165803858571613e-37, 2.165803858571613e-37, 2.165803858571613e-37, 2.165803858571613e-37, 2.165803858571613e-37, 2.165803858571613e-37, 2.165803858571613e-37, 2.165803858571613e-37, 2.165803858571613e-37, 2.165803858571613e-37, 2.165803858571613e-37, 2.165803858571613e-37, 2.165803858571613e-37, 2.165803858571613e-37, 2.165803858571613e-37, 2.165803858571613e-37, 2.165803858571613e-37, 2.165803858571613e-37, 2.165803858571613e-37, 2.165803858571613e-37, 2.165803858571613e-37, 2.165803858571613e-37, 2.165803858571613e-37, 2.165803858571613e-37, 2.165803858571613e-37, 2.165803858571613e-37, 2.165803858571613e-37, 2.165803858571613e-37, 2.165803858571613e-37, 2.165803858571613e-37, 2.165803858571613e-37, 2.165803858571613e-37, 2.165803858571613e-37, 2.165803858571613e-37, 2.165803858571613e-37, 2.165803858571613e-37, 2.165803858571613e-37, 2.165803858571613e-37, 2.165803858571613e-37, 2.165803858571613e-37, 2.165803858571613e-37, 2.165803858571613e-37, 2.165803858571613e-37, 2.165803858571613e-37, 2.165803858571613e-37, 2.165803858571613e-37, 2.165803858571613e-37, 2.165803858571613e-37, 2.165803858571613e-37, 2.165803858571613e-37, 2.165803858571613e-37, 2.165803858571613e-37, 2.165803858571613e-37, 2.165803858571613e-37, 2.165803858571613e-37, 2.165803858571613e-37, 2.165803858571613e-37, 2.165803858571613e-37, 2.165803858571613e-37, 2.165803858571613e-37, 2.165803858571613e-37, 2.165803858571613e-37, 2.165803858571613e-37, 2.165803858571613e-37, 2.165803858571613e-37, 2.165803858571613e-37, 2.165803858571613e-37, 2.165803858571613e-37, 2.165803858571613e-37, 2.165803858571613e-37, 2.165803858571613e-37, 2.165803858571613e-37, 2.165803858571613e-37, 2.165803858571613e-37, 2.165803858571613e-37, 2.165803858571613e-37, 2.165803858571613e-37, 2.165803858571613e-37, 2.165803858571613e-37, 2.165803858571613e-37, 2.165803858571613e-37, 2.165803858571613e-37, 2.165803858571613e-37, 2.165803858571613e-37, 2.165803858571613e-37, 2.165803858571613e-37, 2.165803858571613e-37, 2.165803858571613e-37, 2.165803858571613e-37, 2.165803858571613e-37, 2.165803858571613e-37, 2.165803858571613e-37, 2.165803858571613e-37, 2.165803858571613e-37, 2.165803858571613e-37, 2.165803858571613e-37, 2.165803858571613e-37, 2.165803858571613e-37, 2.165803858571613e-37, 2.165803858571613e-37, 2.165803858571613e-37, 2.165803858571613e-37, 2.165803858571613e-37, 2.165803858571613e-37, 2.165803858571613e-37, 2.165803858571613e-37, 2.165803858571613e-37, 2.165803858571613e-37, 2.165803858571613e-37, 2.165803858571613e-37, 2.165803858571613e-37, 2.165803858571613e-37, 2.165803858571613e-37, 2.165803858571613e-37, 2.165803858571613e-37, 2.165803858571613e-37, 2.165803858571613e-37, 2.165803858571613e-37, 2.165803858571613e-37, 0.0, 0.0, 0.0, 0.0, 0.0, 0.0, 0.0, 0.0, 0.0, 0.0, 0.0, 0.0, 0.0, 0.0, 0.0, 0.0, 0.0, 0.0, 0.0, 0.0, 0.0, 0.0, 0.0, 0.0, 0.0, 0.0, 0.0, 0.0, 0.0, 0.0, 0.0, 0.0, 0.0, 0.0, 0.0, 0.0, 0.0, 0.0, 0.0, 0.0, 0.0, 0.0, 0.0, 0.0, 0.0, 0.0, 0.0, 0.0, 0.0, 0.0, 0.0, 0.0, 0.0, 0.0, 0.0, 0.0, 0.0, 0.0, 0.0, 0.0, 0.0, 0.0, 0.0, 0.0, 0.0, 0.0, 0.0, 0.0, 0.0, 0.0, 0.0, 0.0, 0.0, 0.0]

